50 50
50 49
50 48
50 47
50 46
50 45
50 44
50 43
50 42
50 41
50 40
50 39
50 38
50 37
50 36
50 35
50 34
50 33
50 32
50 31
49 50
49 49
49 48
49 47
49 46
49 45
49 44
49 43
49 42
49 41
49 40
49 39
49 38
49 37
49 36
49 35
49 34
49 33
49 32
49 31
48 50
48 49
48 48
48 47
48 46
48 45
48 44
48 43
48 42
48 41
48 40
48 39
48 38
48 37
48 36
48 35
48 34
48 33
48 32
48 31
47 50
47 49
47 48
47 47
47 46
47 45
47 44
47 43
47 42
47 41
47 40
47 39
47 38
47 37
47 36
47 35
47 34
47 33
47 32
47 31
46 50
46 49
46 48
46 47
46 46
46 45
46 44
46 43
46 42
46 41
46 40
46 39
46 38
46 37
46 36
46 35
46 34
46 33
46 32
46 31
45 50
45 49
45 48
45 47
45 46
45 45
45 44
45 43
45 42
45 41
45 40
45 39
45 38
45 37
45 36
45 35
45 34
45 33
45 32
45 31
44 50
44 49
44 48
44 47
44 46
44 45
44 44
44 43
44 42
44 41
44 40
44 39
44 38
44 37
44 36
44 35
44 34
44 33
44 32
44 31
43 50
43 49
43 48
43 47
43 46
43 45
43 44
43 43
43 42
43 41
43 40
43 39
43 38
43 37
43 36
43 35
43 34
43 33
43 32
43 31
42 50
42 49
42 48
42 47
42 46
42 45
42 44
42 43
42 42
42 41
42 40
42 39
42 38
42 37
42 36
42 35
42 34
42 33
42 32
42 31
41 50
41 49
41 48
41 47
41 46
41 45
41 44
41 43
41 42
41 41
41 40
41 39
41 38
41 37
41 36
41 35
41 34
41 33
41 32
41 31
40 50
40 49
40 48
40 47
40 46
40 45
40 44
40 43
40 42
40 41
40 40
40 39
40 38
40 37
40 36
40 35
40 34
40 33
40 32
40 31
39 50
39 49
39 48
39 47
39 46
39 45
39 44
39 43
39 42
39 41
39 40
39 39
39 38
39 37
39 36
39 35
39 34
39 33
39 32
39 31
38 50
38 49
38 48
38 47
38 46
38 45
38 44
38 43
38 42
38 41
38 40
38 39
38 38
38 37
38 36
38 35
38 34
38 33
38 32
38 31
37 50
37 49
37 48
37 47
37 46
37 45
37 44
37 43
37 42
37 41
37 40
37 39
37 38
37 37
37 36
37 35
37 34
37 33
37 32
37 31
36 50
36 49
36 48
36 47
36 46
36 45
36 44
36 43
36 42
36 41
36 40
36 39
36 38
36 37
36 36
36 35
36 34
36 33
36 32
36 31
35 50
35 49
35 48
35 47
35 46
35 45
35 44
35 43
35 42
35 41
35 40
35 39
35 38
35 37
35 36
35 35
35 34
35 33
35 32
35 31
34 50
34 49
34 48
34 47
34 46
34 45
34 44
34 43
34 42
34 41
34 40
34 39
34 38
34 37
34 36
34 35
34 34
34 33
34 32
34 31
33 50
33 49
33 48
33 47
33 46
33 45
33 44
33 43
33 42
33 41
33 40
33 39
33 38
33 37
33 36
33 35
33 34
33 33
33 32
33 31
32 50
32 49
32 48
32 47
32 46
32 45
32 44
32 43
32 42
32 41
32 40
32 39
32 38
32 37
32 36
32 35
32 34
32 33
32 32
32 31
31 50
31 49
31 48
31 47
31 46
31 45
31 44
31 43
31 42
31 41
31 40
31 39
31 38
31 37
31 36
31 35
31 34
31 33
31 32
31 31
39 39
3 5
17 30
20 15
3 24
12 30
38 13
32 36
40 11
28 30
32 33
3 31
20 11
10 30
25 13
30 1
9 20
1 23
13 14
38 10
10 32
8 25
19 12
11 25
8 11
13 16
39 16
29 10
33 36
20 29
17 22
9 5
14 8
25 25
38 39
40 6
1 38
28 23
28 16
24 4
9 8
35 14
21 39
26 7
11 15
28 1
14 7
39 39
2 14
21 11
36 13
25 37
4 36
2 30
39 29
28 13
25 29
27 6
14 10
40 18
39 9
31 33
35 1
21 36
25 22
40 5
6 16
11 5
18 33
26 32
40 26
21 25
25 36
37 18
5 22
6 39
37 12
20 34
18 8
20 21
16 17
31 26
1 10
19 26
24 39
32 9
19 22
25 6
12 23
5 7
4 13
9 7
24 36
35 7
39 15
20 1
12 7
29 9
10 37
31 12