0 40
0 41
0 42
0 43
0 44
0 45
0 46
0 47 
0 48 
0 49
1 40
1 41
1 42
1 43
1 44
1 45
1 46
1 47 
1 48 
1 49
2 40
2 41
2 42
2 43
2 44
2 45
2 46
2 47 
2 48 
2 49
3 40
3 41
3 42
3 43
3 44
3 45
3 46
3 47 
3 48 
3 49
4 40
4 41
4 42
4 43
4 44
4 45
4 46
4 47 
4 48 
4 49
5 40
5 41
5 42
5 43
5 44
5 45
5 46
5 47 
5 48 
5 49
6 40
6 41
6 42
6 43
6 44
6 45
6 46
6 47 
6 48 
6 49
7 40
7 41
7 42
7 43
7 44
7 45
7 46
7 47 
7 48 
7 49
8 40
8 41
8 42
8 43
8 44
8 45
8 46
8 47 
8 48 
8 49
9 40
9 41
9 42
9 43
9 44
9 45
9 46
9 47 
9 48 
9 49
30 10 
30 11
30 12
30 13
30 14
30 15
30 16
30 17
30 18
30 19
31 10 
31 11
31 12
31 13
31 14
31 15
31 16
31 17
31 18
31 19
32 10 
32 11
32 12
32 13
32 14
32 15
32 16
32 17
32 18
32 19
33 10 
33 11
33 12
33 13
33 14
33 15
33 16
33 17
33 18
33 19
34 10 
34 11
34 12
34 13
34 14
34 15
34 16
34 17
34 18
34 19
35 10 
35 11
35 12
35 13
35 14
35 15
35 16
35 17
35 18
35 19
36 10 
36 11
36 12
36 13
36 14
36 15
36 16
36 17
36 18
36 19
37 10 
37 11
37 12
37 13
37 14
37 15
37 16
37 17
37 18
37 19
38 10 
38 11
38 12
38 13
38 14
38 15
38 16
38 17
38 18
38 19
39 10 
39 11
39 12
39 13
39 14
39 15
39 16
39 17
39 18
39 19
15 25
15 26
15 27 
15 28
15 29
15 30
15 31
15 32
15 33
15 34
16 25
16 26
16 27 
16 28
16 29
16 30
16 31
16 32
16 33
16 34
17 25
17 26
17 27 
17 28
17 29
17 30
17 31
17 32
17 33
17 34
18 25
18 26
18 27 
18 28
18 29
18 30
18 31
18 32
18 33
18 34
19 25
19 26
19 27 
19 28
19 29
19 30
19 31
19 32
19 33
19 34
20 25
20 26
20 27 
20 28
20 29
20 30
20 31
20 32
20 33
20 34
21 25
21 26
21 27 
21 28
21 29
21 30
21 31
21 32
21 33
21 34
22 25
22 26
22 27 
22 28
22 29
22 30
22 31
22 32
22 33
22 34
23 25
23 26
23 27 
23 28
23 29
23 30
23 31
23 32
23 33
23 34
24 25
24 26
24 27 
24 28
24 29
24 30
24 31
24 32
24 33
24 34
40 25
40 26
40 27 
40 28
40 29
40 30
40 31
40 32
40 33
40 34
41 25
41 26
41 27 
41 28
41 29
41 30
41 31
41 32
41 33
41 34
42 25
42 26
42 27 
42 28
42 29
42 30
42 31
42 32
42 33
42 34
43 25
43 26
43 27 
43 28
43 29
43 30
43 31
43 32
43 33
43 34
44 25
44 26
44 27 
44 28
44 29
44 30
44 31
44 32
44 33
44 34
45 25
45 26
45 27 
45 28
45 29
45 30
45 31
45 32
45 33
45 34
46 25
46 26
46 27 
46 28
46 29
46 30
46 31
46 32
46 33
46 34
47 25
47 26
47 27 
47 28
47 29
47 30
47 31
47 32
47 33
47 34
48 25
48 26
48 27 
48 28
48 29
48 30
48 31
48 32
48 33
48 34
49 25
49 26
49 27 
49 28
49 29
49 30
49 31
49 32
49 33
49 34
25 40
25 41
25 42 
25 43
25 44
25 45
25 46
25 47
25 48
25 49
26 40
26 41
26 42 
26 43
26 44
26 45
26 46
26 47
26 48
26 49
27 40
27 41
27 42 
27 43
27 44
27 45
27 46
27 47
27 48
27 49
28 40
28 41
28 42 
28 43
28 44
28 45
28 46
28 47
28 48
28 49
29 40
29 41
29 42 
29 43
29 44
29 45
29 46
29 47
29 48
29 49
30 40
30 41
30 42 
30 43
30 44
30 45
30 46
30 47
30 48
30 49
31 40
31 41
31 42 
31 43
31 44
31 45
31 46
31 47
31 48
31 49
32 40
32 41
32 42 
32 43
32 44
32 45
32 46
32 47
32 48
32 49
33 40
33 41
33 42 
33 43
33 44
33 45
33 46
33 47
33 48
33 49
34 40
34 41
34 42 
34 43
34 44
34 45
34 46
34 47
34 48
34 49