5 5
5 6
5 7
5 8
5 9
5 10
5 11
5 12 
5 13 
5 14
6 5
6 6
6 7
6 8
6 9
6 10
6 11
6 12 
6 13 
6 14
7 5
7 6
7 7
7 8
7 9
7 10
7 11
7 12 
7 13 
7 14
8 5
8 6
8 7
8 8
8 9
8 10
8 11
8 12 
8 13 
8 14
9 5
9 6
9 7
9 8
9 9
9 10
9 11
9 12 
9 13 
9 14
10 5
10 6
10 7
10 8
10 9
10 10
10 11
10 12 
10 13 
10 14
11 5
11 6
11 7
11 8
11 9
11 10
11 11
11 12 
11 13 
11 14
12 5
12 6
12 7
12 8
12 9
12 10
12 11
12 12 
12 13 
12 14
13 5
13 6
13 7
13 8
13 9
13 10
13 11
13 12 
13 13 
13 14
14 5
14 6
14 7
14 8
14 9
14 10
14 11
14 12 
14 13 
14 14
30 10 
30 11
30 12
30 13
30 14
30 15
30 16
30 17
30 18
30 19
31 10 
31 11
31 12
31 13
31 14
31 15
31 16
31 17
31 18
31 19
32 10 
32 11
32 12
32 13
32 14
32 15
32 16
32 17
32 18
32 19
33 10 
33 11
33 12
33 13
33 14
33 15
33 16
33 17
33 18
33 19
34 10 
34 11
34 12
34 13
34 14
34 15
34 16
34 17
34 18
34 19
35 10 
35 11
35 12
35 13
35 14
35 15
35 16
35 17
35 18
35 19
36 10 
36 11
36 12
36 13
36 14
36 15
36 16
36 17
36 18
36 19
37 10 
37 11
37 12
37 13
37 14
37 15
37 16
37 17
37 18
37 19
38 10 
38 11
38 12
38 13
38 14
38 15
38 16
38 17
38 18
38 19
39 10 
39 11
39 12
39 13
39 14
39 15
39 16
39 17
39 18
39 19
15 25
15 26
15 27 
15 28
15 29
15 30
15 31
15 32
15 33
15 34
16 25
16 26
16 27 
16 28
16 29
16 30
16 31
16 32
16 33
16 34
17 25
17 26
17 27 
17 28
17 29
17 30
17 31
17 32
17 33
17 34
18 25
18 26
18 27 
18 28
18 29
18 30
18 31
18 32
18 33
18 34
19 25
19 26
19 27 
19 28
19 29
19 30
19 31
19 32
19 33
19 34
20 25
20 26
20 27 
20 28
20 29
20 30
20 31
20 32
20 33
20 34
21 25
21 26
21 27 
21 28
21 29
21 30
21 31
21 32
21 33
21 34
22 25
22 26
22 27 
22 28
22 29
22 30
22 31
22 32
22 33
22 34
23 25
23 26
23 27 
23 28
23 29
23 30
23 31
23 32
23 33
23 34
24 25
24 26
24 27 
24 28
24 29
24 30
24 31
24 32
24 33
24 34
40 25
40 26
40 27 
40 28
40 29
40 30
40 31
40 32
40 33
40 34
41 25
41 26
41 27 
41 28
41 29
41 30
41 31
41 32
41 33
41 34
42 25
42 26
42 27 
42 28
42 29
42 30
42 31
42 32
42 33
42 34
43 25
43 26
43 27 
43 28
43 29
43 30
43 31
43 32
43 33
43 34
44 25
44 26
44 27 
44 28
44 29
44 30
44 31
44 32
44 33
44 34
45 25
45 26
45 27 
45 28
45 29
45 30
45 31
45 32
45 33
45 34
46 25
46 26
46 27 
46 28
46 29
46 30
46 31
46 32
46 33
46 34
47 25
47 26
47 27 
47 28
47 29
47 30
47 31
47 32
47 33
47 34
48 25
48 26
48 27 
48 28
48 29
48 30
48 31
48 32
48 33
48 34
49 25
49 26
49 27 
49 28
49 29
49 30
49 31
49 32
49 33
49 34
40 40
40 41
40 42 
40 43
40 44
40 45
40 46
40 47
40 48
40 49
41 40
41 41
41 42 
41 43
41 44
41 45
41 46
41 47
41 48
41 49
42 40
42 41
42 42 
42 43
42 44
42 45
42 46
42 47
42 48
42 49
43 40
43 41
43 42 
43 43
43 44
43 45
43 46
43 47
43 48
43 49
44 40
44 41
44 42 
44 43
44 44
44 45
44 46
44 47
44 48
44 49
45 40
45 41
45 42 
45 43
45 44
45 45
45 46
45 47
45 48
45 49
46 40
46 41
46 42 
46 43
46 44
46 45
46 46
46 47
46 48
46 49
47 40
47 41
47 42 
47 43
47 44
47 45
47 46
47 47
47 48
47 49
48 40
48 41
48 42 
48 43
48 44
48 45
48 46
48 47
48 48
48 49
49 40
49 41
49 42 
49 43
49 44
49 45
49 46
49 47
49 48
49 49