37 18
38 18
39 18
40 18
41 18
42 18
43 18
44 18
45 18
46 18
37 19
38 19
39 19
40 19
41 19
42 19
43 19
44 19
45 19
46 19
37 20
38 20
39 20
40 20
41 20
42 20
43 20
44 20
45 20
46 20
37 21
38 21
39 21
40 21
41 21
42 21
43 21
44 21
45 21
46 21
37 22
38 22
39 22
40 22
41 22
42 22
43 22
44 22
45 22
46 22
37 23
38 23
39 23
40 23
41 23
42 23
43 23
44 23
45 23
46 23
37 24
38 24
39 24
40 24
41 24
42 24
43 24
44 24
45 24
46 24
37 25
38 25
39 25
40 25
41 25
42 25
43 25
44 25
45 25
46 25
37 26
38 26
39 26
40 26
41 26
42 26
43 26
44 26
45 26
46 26
37 27
38 27
39 27
40 27
41 27
42 27
43 27
44 27
45 27
46 27
37 28
38 28
39 28
40 28
41 28
42 28
43 28
44 28
45 28
46 28
37 29
38 29
39 29
40 29
41 29
42 29
43 29
44 29
45 29
46 29
37 30
38 30
39 30
40 30
41 30
42 30
43 30
44 30
45 30
46 30
37 31
38 31
39 31
40 31
41 31
42 31
43 31
44 31
45 31
46 31
37 32
38 32
39 32
40 32
41 32
42 32
43 32
44 32
45 32
46 32
37 33
38 33
39 33
40 33
41 33
42 33
43 33
44 33
45 33
46 33
37 34
38 34
39 34
40 34
41 34
42 34
43 34
44 34
45 34
46 34
37 35
38 35
39 35
40 35
41 35
42 35
43 35
44 35
45 35
46 35
37 36
38 36
39 36
40 36
41 36
42 36
43 36
44 36
45 36
46 36
37 37
38 37
39 37
40 37
41 37
42 37
43 37
44 37
45 37
46 37
17 38
18 38
19 38
20 38
21 38
22 38
23 38
24 38
25 38
26 38
27 38
28 38
29 38
30 38
31 38
32 38
33 38
34 38
35 38
36 38
37 38
38 38
39 38
40 38
41 38
42 38
43 38
44 38
45 38
46 38
17 39
18 39
19 39
20 39
21 39
22 39
23 39
24 39
25 39
26 39
27 39
28 39
29 39
30 39
31 39
32 39
33 39
34 39
35 39
36 39
37 39
38 39
39 39
40 39
41 39
42 39
43 39
44 39
45 39
46 39
17 40
18 40
19 40
20 40
21 40
22 40
23 40
24 40
25 40
26 40
27 40
28 40
29 40
30 40
31 40
32 40
33 40
34 40
35 40
36 40
37 40
38 40
39 40
40 40
41 40
42 40
43 40
44 40
45 40
46 40
17 41
18 41
19 41
20 41
21 41
22 41
23 41
24 41
25 41
26 41
27 41
28 41
29 41
30 41
31 41
32 41
33 41
34 41
35 41
36 41
37 41
38 41
39 41
40 41
41 41
42 41
43 41
44 41
45 41
46 41
17 42
18 42
19 42
20 42
21 42
22 42
23 42
24 42
25 42
26 42
27 42
28 42
29 42
30 42
31 42
32 42
33 42
34 42
35 42
36 42
37 42
38 42
39 42
40 42
41 42
42 42
43 42
44 42
45 42
46 42
17 43
18 43
19 43
20 43
21 43
22 43
23 43
24 43
25 43
26 43
27 43
28 43
29 43
30 43
31 43
32 43
33 43
34 43
35 43
36 43
37 43
38 43
39 43
40 43
41 43
42 43
43 43
44 43
45 43
46 43
17 44
18 44
19 44
20 44
21 44
22 44
23 44
24 44
25 44
26 44
27 44
28 44
29 44
30 44
31 44
32 44
33 44
34 44
35 44
36 44
37 44
38 44
39 44
40 44
41 44
42 44
43 44
44 44
45 44
46 44
17 45
18 45
19 45
20 45
21 45
22 45
23 45
24 45
25 45
26 45
27 45
28 45
29 45
30 45
31 45
32 45
33 45
34 45
35 45
36 45
37 45
38 45
39 45
40 45
41 45
42 45
43 45
44 45
45 45
46 45
17 46
18 46
19 46
20 46
21 46
22 46
23 46
24 46
25 46
26 46
27 46
28 46
29 46
30 46
31 46
32 46
33 46
34 46
35 46
36 46
37 46
38 46
39 46
40 46
41 46
42 46
43 46
44 46
45 46
46 46
17 47
18 47
19 47
20 47
21 47
22 47
23 47
24 47
25 47
26 47
27 47
28 47
29 47
30 47
31 47
32 47
33 47
34 47
35 47
36 47
37 47
38 47
39 47
40 47
41 47
42 47
43 47
44 47
45 47
46 47
