50 50
49 50
48 50
47 50
46 50
45 50
44 50
43 50
42 50
41 50
40 50
39 50
38 50
37 50
36 50
35 50
34 50
33 50
32 50
31 50
30 50
29 50
28 50
27 50
26 50
25 50
24 50
23 50
22 50
20 50
19 50
18 50
17 50
16 50
14 50
13 50
12 50
11 50
10 50
9 50
8 50
7 50
6 50
5 50
4 50
50 49
49 49
48 49
47 49
46 49
45 49
44 49
43 49
42 49
41 49
40 49
39 49
38 49
37 49
36 49
35 49
34 49
33 49
32 49
31 49
30 49
29 49
28 49
27 49
26 49
25 49
24 49
23 49
22 49
20 49
19 49
18 49
17 49
16 49
14 49
13 49
12 49
11 49
10 49
9 49
8 49
7 49
6 49
5 49
4 49
50 48
49 48
48 48
47 48
46 48
45 48
44 48
43 48
42 48
41 48
40 48
39 48
38 48
37 48
36 48
35 48
34 48
33 48
32 48
31 48
30 48
29 48
28 48
27 48
26 48
25 48
24 48
23 48
22 48
20 48
19 48
18 48
17 48
16 48
14 48
13 48
12 48
11 48
10 48
9 48
8 48
7 48
6 48
5 48
4 48
50 47
49 47
48 47
47 47
46 47
45 47
44 47
43 47
42 47
41 47
40 47
39 47
38 47
37 47
36 47
35 47
34 47
33 47
32 47
31 47
30 47
29 47
28 47
27 47
26 47
25 47
24 47
23 47
22 47
21 47
20 47
19 47
18 47
17 47
16 47
14 47
13 47
12 47
11 47
10 47
9 47
8 47
7 47
6 47
5 47
4 47
50 46
49 46
48 46
47 46
46 46
45 46
44 46
43 46
42 46
41 46
40 46
39 46
38 46
37 46
36 46
35 46
34 46
33 46
32 46
31 46
30 46
29 46
28 46
27 46
26 46
25 46
24 46
23 46
22 46
21 46
20 46
19 46
18 46
17 46
16 46
15 46
14 46
13 46
12 46
11 46
10 46
9 46
8 46
7 46
6 46
5 46
4 46
50 45
49 45
48 45
47 45
46 45
45 45
44 45
43 45
42 45
41 45
40 45
39 45
38 45
37 45
36 45
35 45
34 45
33 45
31 45
30 45
29 45
28 45
27 45
26 45
25 45
24 45
23 45
22 45
21 45
20 45
19 45
18 45
17 45
16 45
15 45
14 45
13 45
12 45
11 45
10 45
9 45
8 45
7 45
6 45
5 45
4 45
50 44
49 44
48 44
47 44
46 44
45 44
44 44
43 44
42 44
41 44
40 44
39 44
38 44
37 44
36 44
35 44
34 44
33 44
31 44
30 44
29 44
28 44
27 44
26 44
25 44
24 44
23 44
22 44
21 44
20 44
19 44
18 44
17 44
16 44
15 44
14 44
13 44
12 44
11 44
9 44
8 44
7 44
6 44
5 44
4 44
50 43
49 43
48 43
47 43
46 43
45 43
44 43
43 43
42 43
41 43
40 43
39 43
38 43
37 43
36 43
35 43
34 43
33 43
31 43
30 43
29 43
28 43
27 43
26 43
25 43
24 43
23 43
22 43
21 43
20 43
19 43
18 43
17 43
16 43
15 43
14 43
13 43
12 43
11 43
9 43
8 43
7 43
6 43
5 43
4 43
50 42
49 42
48 42
47 42
46 42
45 42
44 42
43 42
42 42
41 42
40 42
39 42
38 42
37 42
36 42
35 42
34 42
33 42
31 42
30 42
29 42
28 42
27 42
26 42
25 42
24 42
23 42
22 42
21 42
20 42
19 42
18 42
17 42
16 42
15 42
14 42
13 42
12 42
11 42
9 42
8 42
7 42
6 42
5 42
4 42
50 41
49 41
48 41
47 41
46 41
45 41
44 41
43 41
42 41
41 41
40 41
39 41
38 41
50 40
49 40
48 40
47 40
46 40
45 40
44 40
43 40
42 40
41 40
40 40
39 40
50 39
49 39
48 39
47 39
46 39
45 39
44 39
43 39
42 39
41 39
40 39
50 38
49 38
48 38
47 38
46 38
45 38
44 38
43 38
42 38
41 38
50 37
49 37
48 37
47 37
46 37
45 37
44 37
43 37
42 37
50 36
49 36
48 36
47 36
46 36
45 36
44 36
43 36
50 35
49 35
48 35
47 35
46 35
45 35
44 35
50 34
49 34
48 34
47 34
46 34
45 34
50 33
49 33
48 33
47 33
46 33
50 32
49 32
48 32
47 32
50 31
49 31
48 31
50 30
49 30
50 29
