10 10
10 11
10 12
10 13
10 14
11 10
11 11
11 12
11 13
11 14
12 10
12 11
12 12
12 13
12 14
13 10
13 11
13 12
13 13
13 14
5 20
5 21
5 22
5 23
5 24
6 20
6 21
6 22
6 23
6 24
7 20
7 21
7 22
7 23
7 24
8 20
8 21
8 22
8 23
8 24
9 20
9 21
9 22
9 23
9 24
10 20
10 21
10 22
10 23
10 24
11 20
11 21
11 22
11 23
11 24
40 40
40 41
40 42
40 43
40 44
40 45
40 46
40 46
40 47
40 48
40 49
41 40
42 40
43 40
44 40
45 40
46 40
47 40
48 40
49 40
41 41
42 41
43 41
44 41
45 41
46 41
47 41
48 41
49 41
41 42
41 43
41 44
41 45
41 46
41 47
41 48
41 49
43 42
43 43
43 44
43 45
43 46
43 47
43 48
43 49
42 42
42 43
42 44
42 45
42 46
42 47
42 48
42 49
30 45
30 46
30 47
30 48
30 49
31 45
31 46
31 47
31 48
31 49
32 45
32 46
32 47
32 48
32 49
33 45
33 46
33 47
33 48
33 49
34 45
34 46
34 47
34 48
34 49
35 45
35 46
35 47
35 48
35 49
45 35
45 36
45 37
45 38
45 39
45 40
46 35
46 36
46 37
46 38
46 39
46 40
47 35
47 36
47 37
47 38
47 39
47 40
48 35
48 36
48 37
48 38
48 39
48 40
49 35
49 36
49 37
49 38
49 39
49 40
