20 20
21 20
22 20
23 20
24 20
25 20
26 20
27 20
28 20
29 20
30 20
31 20
32 20
33 20
34 20
35 20
36 20
37 20
38 20
39 20
40 20
41 20
42 20
43 20
44 20
45 20
20 21
21 21
22 21
23 21
24 21
25 21
26 21
27 21
28 21
29 21
30 21
31 21
32 21
33 21
34 21
35 21
36 21
37 21
38 21
39 21
40 21
41 21
42 21
43 21
44 21
45 21
20 22
21 22
20 23
21 23
20 24
21 24
20 25
21 25
20 26
21 26
20 27
21 27
20 28
21 28
20 29
21 29
20 30
21 30
30 30
31 30
32 30
33 30
34 30
35 30
36 30
37 30
38 30
39 30
40 30
41 30
42 30
43 30
44 30
45 30
46 30
47 30
48 30
49 30
20 31
21 31
30 31
31 31
32 31
33 31
34 31
35 31
36 31
37 31
38 31
39 31
40 31
41 31
42 31
43 31
44 31
45 31
46 31
47 31
48 31
49 31
20 32
21 32
30 32
31 32
32 32
33 32
34 32
35 32
36 32
37 32
38 32
39 32
40 32
41 32
42 32
43 32
44 32
45 32
46 32
47 32
48 32
49 32
20 33
21 33
30 33
31 33
32 33
33 33
34 33
35 33
36 33
37 33
38 33
39 33
40 33
41 33
42 33
43 33
44 33
45 33
46 33
47 33
48 33
49 33
20 34
21 34
30 34
31 34
32 34
33 34
34 34
35 34
36 34
37 34
38 34
39 34
40 34
41 34
42 34
43 34
44 34
45 34
46 34
47 34
48 34
49 34
20 35
21 35
30 35
31 35
32 35
33 35
34 35
35 35
36 35
37 35
38 35
39 35
40 35
41 35
42 35
43 35
44 35
45 35
46 35
47 35
48 35
49 35
20 36
21 36
30 36
31 36
32 36
33 36
34 36
35 36
36 36
37 36
38 36
39 36
40 36
41 36
42 36
43 36
44 36
45 36
46 36
47 36
48 36
49 36
20 37
21 37
30 37
31 37
32 37
33 37
34 37
35 37
36 37
37 37
38 37
39 37
40 37
41 37
42 37
43 37
44 37
45 37
46 37
47 37
48 37
49 37
20 38
21 38
30 38
31 38
32 38
33 38
34 38
35 38
36 38
37 38
38 38
39 38
40 38
41 38
42 38
43 38
44 38
45 38
46 38
47 38
48 38
49 38
20 39
21 39
30 39
31 39
32 39
33 39
34 39
35 39
36 39
37 39
38 39
39 39
40 39
41 39
42 39
43 39
44 39
45 39
46 39
47 39
48 39
49 39
20 40
21 40
30 40
31 40
32 40
33 40
34 40
35 40
36 40
37 40
38 40
39 40
40 40
41 40
42 40
43 40
44 40
45 40
46 40
47 40
48 40
49 40
20 41
21 41
30 41
31 41
32 41
33 41
34 41
35 41
36 41
37 41
38 41
39 41
40 41
41 41
42 41
43 41
44 41
45 41
46 41
47 41
48 41
49 41
20 42
21 42
30 42
31 42
32 42
33 42
34 42
35 42
36 42
37 42
38 42
39 42
40 42
41 42
42 42
43 42
44 42
45 42
46 42
47 42
48 42
49 42
20 43
21 43
30 43
31 43
32 43
33 43
34 43
35 43
36 43
37 43
38 43
39 43
40 43
41 43
42 43
43 43
44 43
45 43
46 43
47 43
48 43
49 43
20 44
21 44
30 44
31 44
32 44
33 44
34 44
35 44
36 44
37 44
38 44
39 44
40 44
41 44
42 44
43 44
44 44
45 44
46 44
47 44
48 44
49 44
20 45
21 45
30 45
31 45
32 45
33 45
34 45
35 45
36 45
37 45
38 45
39 45
40 45
41 45
42 45
43 45
44 45
45 45
46 45
47 45
48 45
49 45
30 46
31 46
32 46
33 46
34 46
35 46
36 46
37 46
38 46
39 46
40 46
41 46
42 46
43 46
44 46
45 46
46 46
47 46
48 46
49 46
30 47
31 47
32 47
33 47
34 47
35 47
36 47
37 47
38 47
39 47
40 47
41 47
42 47
43 47
44 47
45 47
46 47
47 47
48 47
49 47
30 48
31 48
32 48
33 48
34 48
35 48
36 48
37 48
38 48
39 48
40 48
41 48
42 48
43 48
44 48
45 48
46 48
47 48
48 48
49 48
30 49
31 49
32 49
33 49
34 49
35 49
36 49
37 49
38 49
39 49
40 49
41 49
42 49
43 49
44 49
45 49
46 49
47 49
48 49
49 49